000001
000003
000004
000005
000006
000007
000009
000010
000012
000013
000014
000015
000017
000019
000021
000022
000023
000024
000028
000029
000031
000033
000035
000036
000037
000038
000039
000041
000042
000043
000045
000046
000048
000050
000051
000052
000055
000057
000058
000060
000061
000062
000064
000065
000066
000067
000068
000069
000070
000071
000072
000073
000075
000076
000077
000078
000079
000080
000081
000082
000083
000085
000086
000087
000089
000090
000092
000095
000096
000097
000098
000100
000101
000102
000104
000105
000106
000107
000108
000110
000111
000114
000115
000116
000117
000118
000119
000120
000121
000122
000123
000124
000125
000126
000127
000128
000129
000130
000131
000132
000133
000135
000136
000137
000138
000139
000140
000141
000142
000143
000144
000145
000146
000148
000150
000151
000152
000153
000155
000157
000158
000160
000161
000162
000163
000165
000167
000168
000170
000173
000174
000175
000176
000177
000178
000179
000180
000181
000182
000183
000184
000185
000186
000187
000188
000189
000191
000192
000193
000194
000195
000196
000197
000198
000199
000201
000202
000205
000206
000208
000209
000210
000211
000212
000213
000214
000216
000218
000219
000220
000221
000222
000223
000224
000225
000227
000228
000229
000230
000231
000232
000234
000235
000240
000241
000242
000243
000244
000246
000247
000248
000249
000251
000252
000253
000254
000256
000257
000258
000259
000261
000262
000263
000264
000266
000267
000268
000270
000272
000274
000275
000276
000277
000279
000281
000282
000283
000284
000285
000287
000289
000290
000291
000292
000293
000294
000295
000296
000298
000299
000300
000301
000302
000304
000305
000306
000308
000309
000310
000311
000312
000313
000314
000315
000316
000317
000318
000319
000320
000321
000322
000324
000325
000326
000327
000328
000329
000330
000332
000334
000335
000336
000337
000338
000339
000340
000341
000342
000343
000344
000345
000346
000347
000350
000352
000353
000355
000356
000358
000359
000360
000361
000362
000363
000366
000367
000368
000370
000371
000372
000373
000374
000376
000377
000378
000379
000380
000381
000382
000383
000385
000386
000387
000388
000392
000393
000394
000395
000396
000397
000398
000399
000400
000401
000402
000404
000405
000406
000408
000410
000411
000412
000413
000414
000415
000416
000417
000418
000420
000421
000422
000423
000424
000425
000426
000428
000429
000430
000433
000434
000435
000436
000438
000439
000440
000442
000443
000445
000446
000447
000449
000450
000452
000454
000455
000456
000458
000459
000460
000461
000462
000463
000465
000466
000467
000468
000469
000470
000471
000472
000473
000474
000475
000477
000478
000479
000480
000481
000482
000484
000485
000486
000487
000488
000489
000490
000491
000492
000493
000494
000495
000496
000497
000498
000499
000501
000502
000503
000504
000505
000506
000508
000509
000511
000512
000513
000514
000515
000516
000517
000518
000519
000520
000521
000523
000524
000525
000527
000528
000530
000531
000532
000534
000535
000536
000540
000541
000543
000545
000547
000548
000549
000551
000553
000554
000555
000556
000557
000559
000560
000562
000564
000565
000566
000567
000568
000569
000570
000571
000572
000573
000574
000575
000576
000577
000578
000579
000580
000583
000584
000586
000587
000588
000590
000592
000593
000594
000595
000599
000600
000602
000604
000605
000606
000607
000609
000610
000611
000612
000613
000614
000615
000616
000618
000621
000623
000624
000625
000626
000627
000629
000630
000631
000632
000633
000635
000636
000637
000638
000639
000640
000641
000643
000644
000645
000648
000649
000650
000653
000654
000656
000657
000658
000659
000660
000661
000662
000663
000664
000665
000666
000668
000669
000670
000671
000672
000673
000674
000675
000676
000677
000678
000680
000681
000682
000683
000685
000687
000688
000689
000690
000691
000693
000694
000695
000696
000698
000699
000700
000701
000702
000703
000704
000705
000706
000707
000709
000711
000712
000713
000715
000716
000717
000718
000719
000721
000722
000723
000724
000725
000726
000727
000728
000729
000730
000731
000732
000733
000734
000735
000736
000738
000739
000740
000741
000742
000743
000744
000746
000747
000749
000750
000751
000752
000753
000754
000755
000756
000758
000759
000760
000761
000762
000763
000764
000765
000767
000768
000769
000770
000771
000772
000773
000775
000776
000777
000778
000779
000780
000781
000782
000784
000786
000788
000789
000790
000791
000792
000793
000795
000797
000798
000799
000800
000801
000803
000804
000805
000806
000807
000808
000809
000810
000811
000812
000813
000814
000815
000816
000818
000819
000820
000821
000822
000823
000824
000825
000828
000829
000831
000832
000833
000834
000835
000836
000837
000839
000840
000841
000843
000844
000845
000846
000847
000848
000849
000851
000853
000854
000855
000856
000857
000859
000860
000862
000863
000864
000865
000866
000867
000868
000870
000872
000873
000874
000875
000876
000877
000879
000882
000883
000884
000885
000886
000887
000889
000890
000891
000892
000893
000894
000895
000896
000897
000898
000899
000900
000901
000902
000903
000904
000906
000907
000908
000909
000910
000911
000912
000915
000918
000920
000921
000922
000923
000925
000926
000927
000928
000929
000930
000931
000933
000935
000936
000937
000938
000939
000940
000941
000942
000943
000945
000946
000947
000948
000951
000952
000954
000955
000956
000957
000958
000960
000961
000962
000964
000966
000967
000968
000969
000970
000971
000972
000973
000974
000975
000976
000977
000978
000980
000982
000983
000984
000985
000987
000988
000989
000990
000991
000992
000993
000994
000995
000996
000997
000999
001000
001001
001003
001004
001005
001008
001010
001011
001012
001013
001014
001015
001016
001018
001019
001020
001021
001022
001023
001024
001025
001026
001027
001029
001030
001032
001033
001039
001040
001042
001043
001044
001045
001046
001047
001048
001049
001051
001052
001053
001054
001055
001058
001059
001060
001061
001062
001063
001064
001065
001066
001067
001069
001070
001073
001074
001075
001076
001077
001078
001079
001080
001084
001086
001087
001088
001089
001090
001091
001092
001093
001094
001095
001098
001099
001100
001101
001103
001104
001105
001107
001108
001109
001110
001111
001112
001113
001114
001115
001116
001117
001118
001119
001120
001122
001123
001124
001125
001127
001128
001130
001131
001132
001133
001134
001135
001136
001138
001139
001140
001141
001142
001143
001144
001145
001146
001147
001148
001149
001151
001152
001153
001154
001155
001156
001157
001158
001159
001160
001161
001163
001164
001165
001168
001169
001170
001171
001172
001173
001174
001176
001177
001182
001184
001185
001186
001187
001188
001189
001190
001191
001192
001195
001196
001197
001198
001199
001200
001201
001204
001205
001206
001207
001208
001209
001210
001212
001213
001214
001215
001216
001217
001218
001219
001220
001221
001223
001224
001226
001227
001228
001229
001230
001231
001232
001233
001234
001236
001237
001238
001239
001240
001241
001243
001244
001245
001246
001247
001248
001250
001251
001252
001253
001254
001255
001256
001259
001260
001262
001263
001264
001265
001267
001269
001270
001271
001272
001273
001275
001276
001278
001279
001280
001281
001283
001284
001286
001287
001288
001289
001290
001291
001293
001294
001295
001298
001299
001300
001301
001302
001303
001304
001305
001306
001307
001309
001310
001311
001312
001313
001314
001315
001316
001317
001318
001319
001320
001322
001324
001325
001326
001329
001330
001331
001332
001334
001336
001337
001338
001339
001340
001341
001343
001345
001346
001347
001348
001349
001350
001351
001353
001355
001356
001357
001358
001359
001360
001361
001362
001363
001365
001366
001367
001368
001369
001370
001374
001375
001376
001377
001378
001379
001380
001381
001385
001386
001387
001388
001389
001390
001391
001392
001393
001395
001398
001400
001401
001402
001404
001405
001406
001407
001408
001409
001410
001411
001412
001413
001415
001416
001417
001418
001419
001420
001421
001422
001424
001425
001426
001427
001428
001429
001431
001432
001433
001434
001435
001437
001438
001439
001440
001442
001444
001445
001447
001449
001450
001453
001454
001455
001456
001457
001458
001459
001460
001463
001464
001465
001466
001467
001468
001469
001470
001472
001473
001474
001475
001477
001478
001479
001480
001482
001483
001484
001485
001486
001487
001488
001490
001491
001492
001495
001496
001497
001498
001500
001501
001502
001503
001504
001506
001508
001510
001511
001512
001513
001514
001515
001516
001517
001518
001519
001520
001522
001523
001524
001525
001526
001527
001528
001529
001530
001531
001532
001534
001535
001536
001539
001540
001541
001542
001543
001544
001545
001547
001548
001550
001551
001553
001555
001556
001557
001559
001561
001563
001564
001565
001566
001567
001568
001569
001570
001571
001573
001575
001576
001577
001578
001579
001580
001581
001582
001583
001584
001585
001586
001587
001588
001589
001591
001592
001593
001594
001595
001597
001598
001599
001600
001601
001602
001603
001604
001605
001606
001607
001608
001609
001610
001613
001616
001617
001619
001620
001621
001622
001623
001624
001625
001627
001628
001629
001630
001631
001632
001633
001634
001637
001638
001639
001642
001643
001644
001645
001646
001647
001648
001650
001651
001653
001654
001655
001656
001657
001658
001659
001660
001661
001662
001663
001664
001665
001666
001667
001669
001670
001672
001673
001674
001676
001678
001679
001680
001683
001685
001688
001689
001690
001691
001692
001694
001695
001696
001698
001699
001700
001701
001702
001704
001705
001706
001708
001709
001710
001711
001712
001713
001714
001715
001716
001717
001718
001721
001722
001723
001725
001726
001727
001728
001729
001730
001731
001732
001733
001734
001736
001737
001738
001739
001740
001741
001743
001744
001745
001747
001749
001750
001751
001752
001753
001754
001755
001756
001757
001758
001759
001760
001761
001762
001764
001765
001766
001772
001775
001776
001777
001778
001779
001780
001782
001784
001786
001787
001788
001789
001791
001792
001793
001794
001795
001796
001797
001798
001799
001800
001802
001803
001804
001805
001808
001809
001810
001812
001813
001814
001815
001817
001818
001821
001823
001825
001826
001827
001828
001830
001831
001832
001833
001834
001835
001837
001838
001839
001840
001841
001842
001843
001844
001846
001847
001848
001849
001850
001851
001852
001853
001854
001856
001859
001860
001861
001862
001863
001864
001865
001866
001867
001868
001869
001870
001871
001872
001873
001874
001877
001878
001879
001880
001882
001884
001885
001887
001888
001891
001892
001893
001895
001897
001898
001899
001900
001901
001903
001904
001905
001906
001907
001908
001910
001911
001912
001913
001914
001916
001917
001918
001919
001920
001921
001922
001923
001924
001927
001928
001929
001930
001931
001933
001934
001935
001936
001938
001939
001941
001942
001943
001944
001945
001946
001947
001949
001950
001952
001953
001954
001956
001957
001959
001961
001962
001963
001964
001965
001966
001967
001968
001970
001971
001972
001973
001974
001976
001977
001978
001979
001980
001981
001982
001983
001985
001986
001987
001988
001989
001990
001991
001992
001995
001996
001998
001999
002001
002002
002003
002006
002007
002008
002009
002010
002011
002012
002013
002014
002015
002016
002017
002018
002019
002020
002025
002026
002027
002028
002029
002030
002031
002033
002034
002035
002036
002037
002039
002040
002041
002042
002043
002044
002046
002047
002048
002049
002050
002051
002052
002053
002055
002056
002057
002058
002059
002060
002061
002062
002063
002064
002066
002067
002068
002069
002070
002071
002072
002073
002074
002075
002077
002078
002080
002081
002082
002083
002084
002085
002086
002087
002088
002089
002090
002091
002092
002093
002094
002095
002096
002097
002098
002099
002100
002101
002103
002104
002105
002106
002107
002108
002109
002111
002112
002113
002115
002118
002119
002120
002121
002122
002123
002124
002125
002126
002128
002129
002130
002131
002135
002136
002137
002138
002139
002141
002142
002143
002144
002145
002146
002147
002148
002149
002151
002152
002154
002155
002157
002159
002160
002161
002163
002164
002165
002166
002168
002169
002170
002172
002173
002178
002180
002181
002182
002183
002184
002185
002187
002190
002193
002194
002195
002196
002197
002198
002200
002202
002203
002204
002205
002207
002208
002209
002210
002211
002213
002214
002215
002216
002218
002219
002220
002221
002222
002223
002224
002225
002226
002227
002228
002229
002230
002231
002232
002233
002235
002237
002238
002239
002240
002241
002242
002243
002244
002245
002246
002247
002248
002249
002252
002253
002254
002255
002256
002258
002259
002260
002261
002263
002264
002266
002267
002268
002269
002270
002276
002277
002278
002279
002280
002281
002283
002284
002285
002288
002289
002291
002292
002293
002294
002295
002296
002297
002298
002299
002300
002301
002304
002305
002307
002309
002310
002311
002312
002313
002315
002316
002317
002318
002320
002322
002323
002324
002326
002327
002328
002330
002331
002332
002333
002334
002335
002336
002337
002339
002340
002342
002343
002345
002347
002349
002350
002352
002353
002354
002355
002359
002361
002362
002363
002364
002365
002366
002367
002368
002370
002371
002372
002373
002374
002375
002376
002378
002379
002380
002381
002382
002383
002384
002385
002387
002389
002391
002392
002393
002394
002395
002396
002397
002398
002399
002400
002402
002404
002405
002406
002407
002408
002409
002410
002411
002412
002413
002417
002418
002419
002420
002421
002422
002423
002424
002425
002426
002427
002428
002430
002431
002432
002433
002434
002435
002436
002437
002438
002439
002441
002442
002443
002444
002448
002449
002450
002452
002453
002455
002456
002457
002458
002459
002460
002461
002463
002464
002466
002467
002468
002469
002470
002472
002473
002474
002475
002478
002479
002480
002481
002482
002483
002484
002485
002486
002487
002488
002489
002492
002494
002495
002496
002497
002498
002499
002500
002501
002502
002503
002504
002505
002506
002507
002508
002509
002510
002511
002512
002513
002514
002515
002517
002518
002519
002520
002521
002522
002523
002524
002525
002526
002527
002528
002529
002530
002531
002532
002533
002534
002537
002538
002539
002540
002541
002542
002543
002544
002545
002546
002548
002549
002551
002552
002553
002555
002557
002559
002560
002561
002562
002563
002564
002565
002566
002568
002571
002572
002573
002574
002575
002576
002577
002578
002579
002580
002581
002582
002583
002584
002585
002586
002587
002588
002589
002590
002591
002592
002593
002594
002595
002596
002597
002598
002599
002600
002601
002602
002603
002604
002605
002607
002608
002609
002610
002613
002614
002617
002619
002620
002621
002623
002624
002625
002626
002627
002628
002629
002630
002631
002633
002634
002635
002636
002637
002638
002639
002642
002643
002644
002645
002646
002650
002651
002652
002655
002656
002657
002658
002659
002661
002662
002663
002664
002665
002666
002667
002668
002669
002670
002671
002672
002673
002678
002679
002680
002681
002682
002683
002684
002685
002686
002687
002688
002689
002690
002691
002692
002693
002694
002695
002696
002697
002698
002699
002700
002701
002702
002703
002704
002705
002706
002707
002708
002709
002710
002712
002713
002714
002715
002717
002719
002722
002725
002726
002727
002729
002732
002733
002735
002736
002737
002738
002739
002740
002741
002742
002743
002745
002746
002747
002749
002750
002751
002752
002753
002754
002756
002757
002758
002759
002760
002761
002762
002764
002765
002767
002768
002770
002772
002776
002777
002778
002780
002781
002783
002785
002786
002787
002788
002790
002791
002792
002793
002794
002795
002796
002798
002799
002801
002802
002803
002804
002806
002807
002808
002809
002810
002812
002813
002814
002815
002817
002818
002819
002820
002823
002824
002825
002827
002828
002829
002830
002831
002832
002834
002835
002836
002837
002838
002839
002840
002842
002843
002844
002845
002846
002847
002848
002849
002850
002851
002852
002854
002855
002856
002857
002858
002859
002860
002861
002862
002863
002864
002866
002867
002868
002869
002870
002871
002872
002873
002876
002877
002879
002880
002882
002883
002884
002885
002887
002888
002889
002890
002891
002892
002893
002894
002895
002896
002897
002898
002900
002901
002902
002903
002904
002905
002906
002909
002910
002911
002912
002913
002914
002915
002916
002917
002918
002920
002921
002922
002923
002924
002925
002926
002928
002929
002930
002932
002933
002934
002935
002936
002937
002939
002941
002942
002943
002944
002945
002946
002947
002949
002950
002951
002953
002954
002955
002956
002957
002959
002960
002961
002963
002966
002967
002969
002970
002971
002972
002973
002974
002976
002978
002979
002980
002981
002982
002983
002985
002986
002987
002988
002989
002990
002991
002992
002993
002994
002995
002996
002997
002998
003001
003002
003003
003004
003005
003006
003007
003008
003009
003010
003011
003012
003015
003016
003017
003018
003019
003020
003021
003022
003024
003025
003026
003029
003030
003031
003032
003033
003034
003035
003037
003038
003040
003041
003042
003043
003044
003045
003046
003047
003048
003049
003050
003051
003052
003053
003055
003056
003057
003058
003059
003061
003062
003063
003064
003065
003066
003067
003069
003070
003071
003072
003074
003075
003076
003077
003078
003080
003081
003083
003084
003085
003086
003087
003088
003089
003090
003091
003092
003093
003094
003095
003096
003097
003098
003099
003100
003101
003102
003104
003107
003108
003109
003110
003112
003113
003114
003115
003116
003117
003119
003120
003121
003122
003123
003125
003127
003128
003129
003130
003131
003132
003134
003135
003136
003137
003138
003139
003141
003142
003143
003146
003147
003149
003150
003151
003152
003153
003154
003155
003156
003157
003158
003159
003160
003161
003162
003163
003164
003165
003166
003167
003168
003170
003173
003174
003175
003177
003178
003179
003181
003182
003183
003184
003185
003186
003188
003189
003191
003193
003194
003195
003196
003197
003198
003199
003200
003201
003204
003206
003207
003208
003209
003210
003211
003212
003214
003216
003218
003221
003222
003224
003225
003227
003228
003229
003230
003231
003232
003233
003234
003235
003237
003238
003239
003240
003241
003242
003243
003244
003245
003246
003247
003248
003249
003250
003251
003252
003253
003254
003257
003258
003262
003264
003265
003267
003268
003269
003270
003271
003272
003273
003274
003276
003277
003278
003280
003281
003282
003283
003284
003285
003286
003287
003288
003289
003290
003291
003292
003295
003298
003300
003301
003302
003303
003304
003305
003306
003307
003308
003309
003310
003311
003312
003313
003314
003315
003316
003318
003321
003323
003324
003325
003326
003328
003329
003330
003331
003332
003333
003334
003335
003336
003337
003338
003339
003340
003341
003342
003343
003344
003345
003346
003347
003348
003350
003351
003352
003353
003354
003355
003358
003359
003361
003362
003365
003366
003367
003368
003369
003370
003371
003372
003373
003374
003375
003376
003377
003378
003379
003380
003381
003384
003385
003387
003388
003390
003391
003392
003394
003396
003397
003399
003400
003402
003403
003404
003405
003406
003407
003408
003409
003410
003411
003412
003413
003414
003415
003418
003419
003420
003422
003423
003424
003426
003427
003428
003430
003431
003433
003434
003435
003436
003437
003438
003439
003440
003441
003442
003443
003444
003445
003446
003447
003448
003449
003450
003451
003452
003453
003454
003455
003456
003457
003458
003459
003460
003461
003462
003464
003465
003467
003468
003469
003470
003471
003472
003473
003474
003476
003477
003478
003479
003480
003481
003482
003483
003484
003485
003487
003488
003489
003490
003491
003492
003494
003495
003496
003497
003498
003499
003500
003501
003502
003503
003504
003505
003506
003507
003508
003509
003510
003511
003512
003514
003515
003516
003518
003519
003520
003522
003523
003524
003525
003526
003527
003528
003529
003530
003535
003536
003537
003538
003539
003540
003541
003542
003543
003544
003545
003548
003549
003550
003552
003553
003554
003555
003557
003558
003559
003560
003561
003562
003563
003564
003565
003566
003567
003569
003570
003572
003573
003574
003575
003576
003578
003579
003580
003581
003583
003584
003585
003586
003587
003588
003590
003591
003593
003594
003595
003596
003597
003598
003600
003601
003602
003603
003604
003605
003606
003607
003609
003610
003612
003613
003616
003617
003618
003619
003620
003621
003623
003624
003625
003626
003627
003628
003629
003631
003632
003633
003634
003636
003637
003638
003639
003640
003641
003642
003643
003644
003645
003646
003647
003648
003649
003650
003651
003652
003653
003657
003658
003659
003660
003661
003662
003663
003664
003665
003666
003667
003668
003669
003671
003672
003673
003675
003676
003677
003678
003679
003680
003682
003683
003684
003685
003686
003687
003688
003689
003690
003691
003692
003693
003694
003695
003696
003697
003698
003699
003700
003701
003702
003703
003704
003705
003708
003710
003711
003712
003713
003714
003715
003716
003717
003718
003719
003720
003721
003722
003723
003724
003725
003727
003728
003729
003730
003731
003732
003733
003734
003735
003736
003738
003739
003740
003742
003744
003745
003746
003747
003748
003749
003750
003751
003752
003755
003756
003757
003758
003759
003760
003761
003762
003764
003765
003766
003767
003768
003770
003771
003772
003773
003774
003775
003776
003778
003779
003780
003782
003783
003784
003785
003786
003788
003789
003790
003791
003792
003793
003794
003795
003796
003797
003798
003799
003800
003802
003803
003804
003805
003807
003808
003810
003811
003812
003814
003815
003816
003817
003818
003819
003820
003821
003822
003823
003824
003825
003826
003827
003828
003829
003831
003832
003833
003835
003837
003838
003839
003840
003842
003843
003844
003845
003846
003847
003848
003849
003850
003852
003855
003856
003857
003858
003859
003860
003862
003863
003866
003867
003869
003870
003871
003872
003873
003874
003875
003877
003878
003879
003880
003881
003882
003884
003885
003886
003887
003888
003890
003891
003893
003894
003895
003896
003898
003899
003900
003901
003902
003904
003906
003907
003911
003912
003913
003914
003915
003916
003917
003919
003920
003921
003922
003923
003924
003925
003926
003927
003928
003930
003931
003933
003935
003936
003937
003938
003939
003940
003943
003944
003945
003946
003947
003949
003952
003953
003954
003955
003956
003957
003959
003960
003961
003962
003963
003964
003965
003966
003967
003968
003969
003970
003971
003972
003973
003974
003976
003977
003978
003979
003980
003981
003982
003983
003984
003985
003987
003988
003992
003994
003995
003996
003997
003998
003999
004000
004001
004002
004003
004005
004006
004007
004008
004009
004010
004011
004013
004014
004016
004017
004018
004019
004022
004024
004027
004028
004030
004031
004033
004034
004035
004036
004037
004038
004039
004041
004042
004045
004046
004047
004048
004049
004050
004051
004053
004054
004055
004056
004057
004058
004060
004061
004062
004063
004064
004065
004066
004067
004069
004070
004071
004072
004073
004074
004075
004077
004078
004079
004082
004083
004084
004087
004088
004089
004090
004091
004094
004095
004096
004097
004098
004099
004101
004103
004104
004105
004106
004107
004109
004112
004113
004115
004116
004117
004119
004120
004122
004123
004124
004125
004126
004128
004129
004130
004131
004132
004133
004134
004137
004139
004140
004141
004142
004143
004144
004145
004146
004147
004148
004149
004150
004151
004152
004153
004154
004155
004156
004157
004158
004159
004160
004161
004164
004166
004167
004168
004169
004170
004171
004172
004173
004174
004175
004176
004177
004179
004180
004181
004182
004183
004187
004188
004189
004190
004191
004193
004194
004195
004196
004200
004201
004202
004203
004204
004205
004206
004207
004208
004209
004210
004211
004213
004214
004215
004216
004217
004218
004219
004220
004221
004222
004223
004224
004225
004226
004227
004228
004229
004231
004232
004233
004234
004235
004236
004237
004239
004240
004241
004242
004243
004244
004245
004246
004248
004249
004250
004251
004252
004253
004254
004255
004256
004258
004261
004262
004263
004264
004265
004266
004267
004269
004270
004272
004273
004274
004275
004276
004277
004278
004279
004280
004281
004282
004283
004284
004285
004286
004287
004288
004289
004290
004292
004293
004294
004296
004297
004298
004299
004300
004301
004302
004304
004305
004306
004307
004308
004309
004310
004312
004313
004318
004319
004320
004321
004322
004324
004325
004326
004327
004328
004329
004330
004332
004333
004334
004335
004338
004339
004341
004342
004343
004344
004345
004346
004347
004348
004349
004350
004351
004352
004353
004354
004355
004357
004358
004359
004360
004361
004362
004363
004364
004365
004366
004367
004368
004369
004371
004372
004373
004374
004375
004376
004377
004379
004380
004381
004382
004383
004384
004385
004387
004390
004391
004392
004393
004395
004396
004397
004398
004399
004400
004401
004402
004404
004405
004406
004407
004408
004409
004410
004411
004412
004413
004414
004415
004416
004417
004418
004419
004420
004421
004423
004425
004426
004427
004428
004429
004430
004431
004432
004433
004434
004435
004437
004438
004440
004443
004444
004445
004446
004447
004448
004449
004450
004451
004452
004453
004454
004455
004456
004457
004458
004459
004461
004463
004464
004465
004466
004467
004468
004469
004470
004471
004472
004473
004474
004475
004477
004478
004480
004481
004482
004483
004484
004487
004489
004491
004492
004494
004495
004496
004497
004498
004499
004501
004502
004503
004504
004505
004506
004507
004508
004509
004510
004511
004512
004513
004514
004515
004516
004519
004521
004522
004523
004524
004525
004526
004527
004528
004529
004530
004531
004532
004533
004534
004535
004536
004537
004538
004539
004541
004542
004543
004544
004545
004547
004548
004549
004550
004551
004552
004553
004555
004556
004557
004558
004560
004561
004562
004563
004565
004566
004567
004568
004569
004570
004571
004572
004573
004575
004576
004577
004578
004579
004581
004582
004583
004584
004585
004587
004588
004589
004591
004592
004593
004594
004595
004596
004597
004598
004599
004601
004604
004605
004606
004607
004608
004609
004610
004611
004613
004614
004615
004617
004618
004619
004620
004621
004624
004625
004627
004629
004630
004631
004632
004633
004634
004636
004638
004639
004642
004643
004645
004646
004647
004649
004650
004651
004652
004653
004654
004655
004657
004658
004659
004660
004661
004664
004665
004666
004667
004668
004669
004670
004671
004672
004673
004674
004675
004676
004677
004679
004681
004683
004684
004686
004688
004689
004690
004691
004694
004696
004697
004698
004699
004700
004701
004702
004703
004705
004706
004707
004708
004709
004710
004711
004712
004713
004714
004715
004716
004717
004718
004720
004721
004722
004723
004724
004725
004726
004727
004728
004730
004731
004732
004734
004735
004736
004738
004739
004741
004742
004743
004744
004745
004746
004747
004748
004750
004751
004753
004754
004755
004757
004758
004759
004760
004761
004763
004764
004765
004766
004767
004768
004771
004772
004773
004774
004775
004777
004778
004779
004780
004781
004783
004784
004785
004786
004788
004789
004790
004791
004792
004794
004795
004797
004798
004799
004800
004801
004802
004805
004806
004807
004808
004809
004810
004812
004816
004817
004818
004819
004820
004822
004823
004824
004825
004826
004827
004830
004833
004834
004835
004836
004837
004839
004840
004841
004842
004843
004844
004846
004847
004851
004852
004853
004854
004855
004856
004857
004860
004861
004862
004863
004865
004866
004867
004868
004869
004870
004871
004872
004873
004874
004875
004876
004877
004878
004880
004881
004883
004884
004885
004886
004887
004888
004889
004890
004891
004892
004894
004895
004897
004898
004899
004902
004904
004905
004906
004907
004908
004909
004910
004911
004912
004913
004914
004915
004917
004918
004919
004920
004921
004922
004923
004926
004928
004930
004931
004932
004933
004934
004935
004936
004937
004940
004941
004942
004943
004944
004947
004948
004951
004952
004953
004955
004956
004957
004961
004963
004965
004966
004967
004968
004970
004971
004972
004973
004974
004977
004980
004981
004982
004983
004984
004985
004986
004987
004988
004989
004990
004991
004992
004994
004995
004996
004997
004998
004999
005000
005001
005002
005004
005005
005006
005008
005010
005011
005012
005019
005020
005022
005023
005024
005025
005028
005029
005030
005033
005034
005035
005036
005037
005039
005041
005043
005044
005045
005046
005047
005048
005049
005051
005052
005053
005054
005055
005056
005057
005058
005059
005060
005061
005062
005063
005064
005065
005066
005067
005069
005070
005073
005074
005075
005076
005077
005078
005080
005081
005082
005084
005085
005086
005087
005088
005089
005090
005091
005092
005093
005094
005096
005097
005098
005099
005100
005101
005102
005103
005104
005105
005106
005107
005112
005113
005115
005116
005117
005118
005119
005121
005122
005123
005124
005125
005126
005128
005129
005130
005131
005132
005133
005134
005135
005136
005138
005140
005141
005142
005145
005146
005147
005148
005149
005150
005151
005153
005156
005157
005158
005159
005160
005161
005162
005163
005164
005165
005166
005167
005168
005170
005171
005173
005175
005176
005177
005178
005180
005181
005182
005183
005184
005185
005186
005187
005188
005189
005190
005192
005193
005194
005196
005199
005201
005202
005203
005204
005207
005208
005209
005210
005211
005212
005213
005214
005215
005216
005217
005219
005220
005221
005222
005224
005225
005226
005227
005228
005230
005231
005232
005233
005234
005235
005237
005238
005240
005241
005243
005244
005245
005246
005247
005248
005249
005250
005251
005252
005253
005254
005256
005257
005258
005259
005260
005261
005262
005263
005265
005267
005268
005269
005270
005271
005272
005273
005274
005275
005276
005277
005278
005279
005281
005283
005284
005285
005286
005287
005288
005290
005291
005292
005293
005294
005295
005298
005299
005300
005301
005302
005303
005304
005305
005306
005307
005308
005309
005311
005313
005315
005316
005317
005318
005319
005320
005321
005322
005323
005324
005325
005327
005328
005329
005332
005334
005335
005336
005338
005339
005345
005346
005347
005348
005349
005350
005351
005352
005353
005354
005355
005356
005357
005358
005359
005360
005361
005362
005363
005364
005365
005367
005368
005370
005371
005373
005374
005375
005377
005378
005379
005380
005381
005382
005383
005384
005385
005387
005388
005389
005390
005391
005392
005393
005395
005397
005398
005399
005400
005401
005402
005403
005404
005405
005406
005407
005408
005411
005412
005414
005415
005416
005417
005418
005420
005421
005422
005423
005424
005425
005427
005428
005429
005430
005431
005432
005433
005434
005435
005436
005437
005439
005440
005441
005442
005444
005445
005446
005447
005448
005449
005450
005451
005452
005453
005454
005455
005456
005458
005459
005460
005462
005463
005466
005467
005468
005470
005471
005472
005473
005474
005477
005479
005480
005481
005482
005483
005485
005486
005487
005488
005490
005491
005492
005493
005494
005495
005496
005497
005498
005499
005500
005502
005503
005504
005505
005506
005507
005509
005510
005511
005514
005515
005516
005517
005518
005520
005522
005523
005526
005527
005528
005529
005530
005531
005533
005534
005535
005536
005538
005539
005540
005541
005542
005543
005544
005547
005548
005549
005551
005552
005553
005554
005555
005556
005557
005558
005559
005560
005562
005563
005564
005565
005567
005568
005573
005574
005575
005576
005577
005578
005579
005580
005581
005582
005585
005586
005587
005588
005589
005590
005591
005592
005593
005594
005595
005596
005598
005599
005600
005601
005602
005604
005605
005607
005608
005609
005610
005611
005613
005615
005616
005617
005618
005619
005620
005621
005622
005623
005624
005625
005626
005627
005628
005629
005630
005632
005633
005635
005636
005638
005639
005640
005642
005644
005645
005646
005647
005648
005649
005650
005651
005652
005653
005654
005655
005656
005657
005658
005659
005660
005661
005662
005664
005667
005668
005669
005670
005671
005672
005673
005674
005675
005676
005677
005678
005680
005681
005683
005684
005685
005686
005687
005688
005689
005690
005691
005692
005693
005695
005697
005698
005699
005701
005702
005703
005704
005705
005706
005707
005708
005709
005710
005712
005714
005715
005716
005717
005719
005720
005722
005723
005724
005726
005727
005728
005729
005730
005732
005733
005734
005737
005738
005739
005740
005742
005744
005745
005746
005747
005748
005749
005750
005752
005754
005755
005756
005757
005759
005760
005762
005763
005765
005766
005767
005768
005770
005771
005772
005773
005774
005775
005776
005777
005778
005779
005781
005782
005783
005784
005785
005786
005787
005789
005790
005792
005793
005794
005795
005796
005797
005798
005800
005801
005802
005804
005806
005807
005808
005809
005810
005811
005814
005815
005816
005817
005819
005820
005822
005824
005825
005826
005827
005830
005832
005833
005834
005835
005837
005839
005840
005841
005842
005844
005845
005846
005847
005848
005853
005854
005856
005857
005858
005861
005862
005863
005864
005865
005866
005867
005868
005869
005872
005873
005874
005876
005877
005878
005879
005880
005881
005882
005883
005884
005885
005886
005887
005888
005889
005890
005891
005892
005893
005894
005895
005896
005897
005898
005899
005900
005901
005902
005903
005904
005905
005907
005908
005909
005910
005911
005912
005913
005914
005915
005919
005921
005922
005924
005925
005926
005927
005928
005929
005930
005931
005933
005936
005937
005939
005940
005941
005943
005944
005946
005947
005948
005949
005950
005951
005952
005953
005954
005956
005957
005958
005959
005960
005961
005962
005963
005964
005965
005966
005967
005970
005971
005972
005973
005974
005975
005976
005977
005979
005980
005981
005982
005983
005985
005987
005988
005990
005992
005993
005994
005995
005996
005997
005998
005999
006001
006002
006003
006004
006005
006006
006007
006009
006010
006011
006012
006013
006014
006015
006016
006017
006019
006020
006021
006022
006024
006026
006027
006028
006029
006030
006031
006033
006034
006035
006036
006037
006038
006039
006040
006042
006043
006044
006045
006047
006048
006049
006050
006051
006055
006056
006058
006059
006060
006061
006062
006063
006064
006065
006066
006067
006068
006069
006072
006073
006074
006076
006077
006078
006079
006080
006081
006083
006084
006085
006086
006087
006088
006089
006090
006091
006093
006094
006095
006096
006097
006098
006099
006100
006101
006102
006103
006104
006105
006106
006107
006109
006110
006116
006117
006118
006119
006120
006121
006122
006123
006125
006127
006129
006130
006132
006133
006134
006136
006137
006138
006140
006141
006142
006143
006145
006146
006148
006149
006150
006151
006152
006153
006154
006155
006156
006157
006160
006161
006162
006163
006164
006165
006166
006169
006172
006173
006174
006175
006176
006178
006179
006181
006182
006183
006184
006185
006186
006187
006188
006189
006190
006195
006197
006198
006199
006200
006201
006203
006204
006205
006206
006207
006208
006209
006210
006211
006212
006214
006215
006216
006217
006218
006219
006220
006221
006222
006225
006226
006227
006228
006229
006230
006232
006233
006234
006235
006237
006238
006241
006242
006243
006245
006247
006248
006249
006250
006251
006253
006254
006256
006258
006259
006260
006262
006263
006264
006265
006267
006268
006269
006272
006275
006276
006277
006278
006280
006282
006283
006284
006285
006286
006287
006288
006289
006291
006292
006293
006295
006296
006297
006298
006299
006300
006301
006303
006304
006305
006306
006308
006309
006310
006311
006312
006314
006315
006317
006318
006320
006323
006324
006325
006326
006327
006328
006330
006331
006332
006333
006334
006335
006337
006338
006339
006340
006341
006342
006343
006344
006345
006346
006347
006348
006349
006350
006351
006352
006353
006354
006355
006356
006357
006358
006359
006360
006361
006362
006363
006364
006365
006366
006369
006371
006373
006374
006376
006377
006378
006379
006380
006382
006383
006384
006385
006386
006387
006389
006390
006391
006392
006395
006396
006397
006398
006400
006401
006402
006403
006404
006405
006406
006407
006408
006409
006410
006411
006413
006415
006416
006417
006418
006419
006420
006422
006423
006424
006425
006426
006427
006428
006430
006431
006432
006433
006436
006437
006438
006439
006440
006441
006442
006444
006447
006448
006450
006451
006452
006453
006454
006455
006456
006457
006458
006459
006461
006462
006463
006464
006465
006466
006468
006470
006471
006472
006473
006474
006475
006476
006477
006479
006480
006483
006484
006485
006486
006487
006488
006489
006490
006491
006492
006493
006494
006495
006496
006497
006498
006499
006500
006501
006502
006503
006504
006506
006507
006508
006509
006511
006512
006513
006514
006515
006516
006517
006518
006519
006520
006521
006522
006523
006524
006525
006526
006527
006528
006529
006531
006532
006533
006534
006535
006536
006537
006538
006540
006541
006542
006543
006546
006547
006548
006549
006550
006551
006552
006553
006554
006555
006556
006557
006558
006559
006560
006561
006562
006563
006564
006565
006566
006567
006569
006570
006571
006573
006574
006575
006576
006577
006579
006580
006581
006582
006583
006584
006585
006588
006589
006590
006591
006592
006594
006595
006596
006598
006599
006600
006601
006602
006603
006605
006606
006608
006609
006610
006611
006612
006613
006614
006615
006617
006618
006622
006623
006625
006626
006627
006628
006629
006630
006631
006632
006633
006634
006635
006636
006637
006639
006641
006643
006645
006646
006648
006650
006652
006653
006654
006655
006656
006657
006658
006659
006660
006661
006663
006664
006665
006666
006667
006668
006670
006671
006672
006673
006675
006676
006678
006679
006680
006681
006682
006683
006684
006685
006686
006689
006690
006692
006695
006696
006698
006699
006700
006701
006702
006703
006704
006705
006707
006708
006709
006710
006712
006713
006714
006715
006716
006717
006718
006720
006722
006723
006724
006725
006726
006728
006729
006730
006732
006733
006734
006735
006736
006737
006738
006739
006740
006742
006743
006744
006746
006747
006748
006749
006750
006751
006752
006753
006754
006755
006756
006757
006759
006760
006762
006763
006764
006765
006770
006772
006773
006775
006776
006777
006779
006780
006783
006784
006785
006786
006788
006789
006790
006791
006792
006793
006795
006796
006797
006799
006800
006801
006802
006803
006804
006805
006806
006807
006809
006810
006811
006812
006813
006814
006815
006816
006817
006820
006821
006822
006823
006824
006825
006826
006828
006829
006831
006832
006833
006834
006835
006836
006837
006838
006839
006840
006842
006844
006845
006846
006847
006848
006849
006850
006851
006852
006853
006855
006856
006857
006858
006859
006860
006861
006862
006864
006865
006866
006868
006869
006870
006871
006872
006874
006876
006877
006878
006879
006880
006881
006882
006884
006885
006886
006887
006888
006889
006890
006893
006896
006897
006898
006900
006902
006903
006904
006906
006907
006908
006913
006914
006915
006916
006918
006919
006920
006921
006922
006924
006925
006926
006927
006928
006929
006930
006931
006932
006933
006935
006936
006937
006938
006939
006941
006942
006943
006944
006947
006948
006949
006951
006952
006953
006954
006955
006956
006957
006958
006959
006960
006961
006962
006963
006964
006965
006968
006971
006972
006974
006975
006977
006978
006979
006981
006982
006983
006984
006986
006987
006989
006990
006991
006992
006993
006994
006995
006997
006998
006999
007000
007001
007002
007003
007004
007005
007007
007009
007010
007012
007013
007014
007016
007017
007018
007019
007020
007021
007022
007025
007026
007027
007029
007031
007032
007034
007036
007038
007039
007041
007042
007043
007044
007046
007047
007048
007049
007050
007051
007052
007053
007054
007055
007057
007058
007059
007060
007061
007062
007063
007064
007065
007066
007067
007068
007069
007070
007071
007072
007074
007075
007076
007077
007079
007080
007081
007082
007083
007087
007088
007090
007091
007093
007096
007097
007098
007099
007100
007102
007104
007105
007106
007107
007110
007111
007112
007113
007115
007116
007117
007118
007119
007121
007122
007124
007126
007127
007128
007129
007130
007131
007132
007133
007134
007135
007136
007137
007138
007139
007140
007141
007142
007144
007145
007146
007147
007148
007149
007150
007151
007152
007153
007154
007155
007156
007157
007158
007159
007160
007161
007162
007163
007164
007165
007167
007169
007170
007172
007174
007175
007177
007178
007179
007180
007181
007182
007183
007185
007186
007188
007189
007190
007191
007192
007193
007195
007197
007198
007199
007200
007201
007202
007204
007205
007206
007207
007208
007209
007210
007211
007212
007213
007214
007216
007217
007218
007219
007220
007221
007222
007223
007224
007225
007226
007230
007231
007232
007234
007235
007236
007237
007238
007239
007240
007241
007242
007243
007244
007246
007247
007248
007249
007250
007251
007252
007255
007256
007257
007258
007260
007261
007263
007264
007267
007268
007269
007270
007271
007272
007273
007275
007276
007277
007278
007279
007280
007281
007282
007283
007285
007286
007287
007288
007290
007291
007292
007293
007294
007296
007297
007298
007299
007300
007301
007302
007303
007307
007308
007309
007310
007312
007313
007315
007316
007317
007318
007319
007320
007322
007323
007324
007325
007326
007328
007329
007330
007331
007333
007334
007335
007336
007337
007338
007339
007340
007341
007342
007343
007344
007345
007346
007347
007348
007349
007350
007351
007353
007354
007355
007356
007357
007359
007360
007361
007362
007364
007366
007367
007368
007371
007372
007373
007375
007376
007377
007378
007379
007380
007381
007382
007383
007384
007385
007386
007387
007388
007389
007391
007392
007393
007395
007396
007398
007399
007400
007401
007402
007403
007404
007405
007406
007407
007408
007409
007410
007411
007412
007413
007415
007416
007417
007418
007419
007421
007422
007424
007426
007427
007430
007432
007433
007434
007435
007436
007439
007440
007441
007442
007443
007444
007445
007446
007448
007449
007450
007451
007452
007453
007455
007456
007457
007458
007459
007460
007461
007462
007463
007464
007468
007469
007471
007473
007474
007476
007477
007478
007479
007480
007484
007485
007486
007487
007488
007489
007491
007492
007493
007494
007495
007496
007497
007501
007502
007503
007504
007505
007507
007509
007510
007511
007512
007513
007514
007516
007517
007518
007519
007520
007521
007522
007523
007524
007525
007526
007527
007528
007529
007530
007531
007532
007533
007534
007535
007537
007538
007539
007540
007541
007543
007544
007545
007546
007547
007548
007549
007550
007551
007552
007554
007555
007556
007557
007558
007559
007560
007561
007562
007563
007565
007567
007570
007571
007572
007574
007575
007576
007577
007578
007579
007581
007583
007586
007587
007588
007589
007590
007591
007592
007593
007594
007596
007597
007598
007599
007600
007601
007603
007604
007605
007607
007611
007612
007613
007614
007615
007616
007617
007618
007619
007621
007622
007623
007625
007626
007627
007632
007633
007634
007636
007638
007640
007641
007642
007643
007644
007646
007647
007648
007649
007650
007651
007652
007653
007654
007655
007656
007657
007658
007659
007661
007662
007663
007664
007665
007666
007667
007670
007672
007673
007674
007675
007676
007677
007678
007679
007680
007681
007682
007683
007684
007685
007687
007688
007689
007690
007692
007694
007696
007699
007700
007701
007705
007706
007708
007709
007711
007712
007713
007714
007715
007716
007717
007718
007719
007720
007721
007723
007724
007725
007726
007728
007730
007731
007733
007734
007735
007736
007737
007738
007739
007740
007742
007744
007745
007746
007747
007748
007749
007750
007752
007753
007754
007756
007757
007758
007759
007760
007761
007762
007763
007764
007765
007766
007767
007768
007769
007770
007772
007773
007774
007776
007778
007779
007780
007781
007782
007783
007784
007786
007787
007788
007789
007791
007792
007793
007794
007796
007797
007798
007799
007800
007802
007803
007804
007805
007806
007807
007808
007810
007812
007813
007814
007817
007819
007821
007822
007823
007824
007826
007828
007829
007830
007831
007832
007833
007834
007836
007837
007838
007840
007841
007843
007844
007845
007846
007847
007848
007850
007851
007853
007854
007855
007856
007857
007860
007861
007862
007863
007864
007865
007866
007867
007868
007869
007873
007874
007875
007876
007878
007879
007880
007882
007883
007887
007888
007889
007890
007891
007892
007893
007894
007899
007900
007901
007902
007903
007904
007905
007906
007907
007909
007911
007912
007913
007914
007916
007917
007919
007920
007921
007922
007923
007924
007925
007926
007928
007929
007931
007933
007934
007935
007936
007937
007939
007940
007941
007943
007944
007945
007946
007947
007948
007949
007950
007952
007953
007954
007955
007956
007957
007959
007960
007961
007962
007964
007965
007966
007967
007968
007969
007970
007971
007973
007975
007976
007977
007978
007980
007983
007984
007985
007986
007988
007989
007990
007991
007993
007994
007995
007996
007997
007999
008000
008001
008002
008003
008004
008005
008006
008007
008009
008010
008011
008012
008013
008014
008015
008016
008017
008018
008019
008021
008023
008024
008025
008026
008027
008028
008030
008032
008033
008035
008036
008037
008038
008039
008041
008042
008043
008044
008045
008047
008049
008050
008051
008053
008054
008055
008056
008058
008060
008062
008063
008064
008065
008067
008068
008069
008070
008071
008073
008074
008075
008076
008077
008078
008079
008080
008082
008083
008084
008086
008088
008089
008092
008093
008094
008095
008096
008097
008101
008102
008104
008105
008106
008107
008108
008109
008110
008112
008113
008114
008115
008116
008117
008118
008120
008121
008122
008123
008124
008125
008126
008127
008128
008129
008130
008131
008133
008134
008135
008137
008138
008139
008140
008141
008142
008143
008144
008145
008146
008147
008148
008149
008151
008152
008153
008154
008156
008157
008158
008159
008161
008164
008165
008166
008167
008168
008169
008170
008171
008173
008174
008175
008176
008177
008178
008179
008180
008183
008184
008186
008187
008188
008189
008190
008191
008192
008193
008194
008196
008199
008200
008202
008203
008204
008205
008206
008207
008208
008209
008210
008211
008213
008214
008215
008216
008217
008218
008219
008220
008221
008222
008223
008224
008225
008226
008227
008229
008230
008231
008233
008234
008235
008237
008238
008240
008241
008242
008243
008244
008245
008246
008248
008249
008250
008252
008253
008255
008256
008257
008258
008259
008260
008262
008263
008264
008265
008266
008267
008268
008269
008270
008271
008272
008273
008274
008275
008276
008280
008282
008283
008284
008285
008286
008287
008289
008290
008291
008292
008293
008294
008295
008299
008300
008301
008302
008303
008304
008306
008307
008308
008309
008310
008311
008313
008314
008316
008317
008318
008319
008320
008322
008323
008324
008325
008326
008327
008328
008329
008330
008331
008332
008335
008336
008337
008338
008339
008340
008341
008342
008343
008344
008345
008346
008347
008348
008349
008350
008351
008352
008353
008354
008355
008356
008357
008358
008359
008360
008362
008364
008365
008366
008368
008370
008371
008372
008373
008374
008375
008376
008377
008378
008379
008380
008381
008383
008384
008386
008387
008388
008389
008391
008392
008393
008394
008395
008396
008398
008399
008401
008402
008403
008405
008406
008407
008409
008410
008411
008413
008414
008416
008417
008418
008419
008420
008421
008422
008424
008425
008426
008427
008428
008429
008430
008431
008432
008434
008435
008436
008437
008438
008439
008440
008442
008443
008444
008445
008446
008447
008448
008449
008450
008453
008454
008455
008456
008457
008458
008460
008461
008463
008464
008465
008468
008469
008470
008472
008474
008475
008476
008477
008478
008480
008481
008482
008483
008484
008485
008486
008487
008488
008489
008492
008494
008495
008496
008497
008498
008500
008501
008502
008504
008505
008506
008510
008511
008512
008513
008514
008515
008516
008517
008518
008519
008520
008521
008522
008523
008524
008527
008528
008529
008530
008531
008532
008533
008534
008536
008537
008538
008539
008540
008541
008543
008544
008545
008546
008547
008548
008549
008550
008551
008552
008555
008557
008559
008560
008561
008562
008563
008564
008566
008567
008568
008569
008570
008571
008572
008573
008574
008575
008576
008577
008578
008579
008580
008581
008582
008583
008585
008586
008587
008588
008589
008590
008591
008593
008595
008596
008598
008599
008600
008601
008602
008603
008604
008605
008606
008607
008609
008610
008612
008613
008614
008615
008616
008617
008618
008619
008620
008621
008622
008623
008624
008625
008626
008627
008628
008629
008630
008631
008632
008633
008634
008635
008636
008637
008638
008639
008641
008643
008644
008645
008646
008648
008649
008650
008651
008652
008653
008654
008655
008656
008658
008659
008660
008661
008662
008665
008666
008667
008668
008669
008670
008672
008674
008675
008676
008677
008678
008679
008680
008681
008683
008684
008686
008687
008688
008691
008692
008693
008694
008695
008697
008698
008699
008700
008701
008702
008703
008706
008707
008708
008709
008711
008712
008714
008715
008717
008718
008719
008720
008721
008723
008724
008725
008728
008729
008730
008731
008732
008733
008735
008736
008737
008738
008739
008740
008743
008744
008745
008747
008748
008749
008750
008751
008752
008753
008754
008755
008756
008757
008759
008760
008761
008762
008763
008764
008765
008766
008767
008769
008770
008771
008772
008773
008775
008776
008778
008779
008780
008781
008783
008784
008785
008786
008788
008790
008791
008792
008793
008796
008797
008798
008799
008800
008801
008802
008803
008804
008805
008806
008807
008808
008809
008812
008813
008815
008816
008817
008818
008819
008820
008822
008824
008826
008827
008828
008829
008830
008832
008833
008836
008837
008841
008843
008844
008845
008846
008847
008848
008849
008850
008853
008854
008855
008856
008857
008858
008859
008860
008861
008862
008863
008864
008865
008866
008867
008868
008869
008872
008873
008874
008875
008878
008879
008881
008884
008885
008886
008888
008889
008890
008891
008892
008893
008894
008895
008896
008897
008898
008900
008901
008902
008904
008906
008907
008908
008911
008912
008914
008916
008917
008918
008919
008920
008921
008922
008923
008924
008925
008926
008928
008929
008930
008931
008934
008935
008936
008938
008942
008943
008944
008946
008947
008948
008949
008950
008953
008954
008955
008956
008957
008958
008959
008960
008961
008963
008964
008965
008966
008968
008969
008970
008971
008972
008973
008974
008975
008976
008977
008978
008979
008980
008982
008983
008985
008987
008988
008989
008990
008992
008993
008994
008995
008998
008999
009000
009001
009002
009004
009005
009006
009007
009008
009009
009012
009014
009015
009016
009017
009018
009019
009020
009022
009023
009024
009025
009026
009028
009029
009030
009031
009032
009033
009035
009036
009037
009038
009040
009041
009042
009043
009045
009047
009048
009049
009051
009052
009053
009054
009055
009056
009057
009059
009061
009062
009063
009067
009069
009070
009071
009072
009073
009074
009075
009076
009078
009079
009080
009081
009082
009083
009084
009086
009087
009089
009090
009091
009094
009095
009096
009097
009098
009099
009100
009101
009103
009104
009105
009106
009107
009108
009110
009112
009113
009114
009115
009116
009117
009118
009119
009120
009121
009122
009123
009124
009126
009127
009128
009129
009131
009132
009133
009135
009136
009137
009138
009139
009140
009141
009142
009144
009145
009146
009147
009148
009149
009150
009151
009152
009153
009154
009155
009156
009157
009159
009160
009161
009162
009163
009165
009166
009167
009169
009170
009171
009172
009173
009174
009175
009176
009177
009178
009179
009180
009182
009183
009184
009185
009186
009187
009188
009189
009191
009192
009193
009194
009195
009196
009197
009198
009199
009200
009203
009205
009206
009208
009210
009211
009212
009213
009215
009216
009217
009218
009219
009220
009221
009222
009223
009225
009226
009227
009228
009230
009231
009232
009233
009234
009235
009236
009237
009241
009243
009245
009248
009249
009250
009251
009252
009253
009254
009255
009256
009257
009258
009259
009260
009262
009263
009264
009265
009266
009267
009269
009270
009272
009273
009274
009276
009277
009278
009279
009280
009281
009282
009283
009284
009285
009286
009287
009288
009289
009290
009291
009292
009293
009294
009295
009296
009297
009298
009299
009301
009302
009303
009304
009305
009306
009307
009308
009310
009313
009315
009316
009318
009319
009320
009322
009323
009324
009325
009326
009328
009329
009330
009331
009332
009333
009334
009335
009337
009338
009339
009340
009341
009342
009343
009344
009345
009346
009347
009349
009350
009351
009352
009353
009354
009355
009356
009358
009363
009364
009365
009366
009367
009368
009369
009371
009373
009375
009376
009377
009378
009380
009381
009382
009383
009385
009386
009388
009389
009390
009391
009394
009395
009397
009398
009400
009401
009402
009403
009405
009406
009407
009408
009409
009410
009411
009412
009413
009414
009415
009416
009417
009418
009419
009420
009421
009422
009423
009424
009426
009427
009429
009430
009433
009435
009436
009437
009438
009439
009440
009441
009442
009443
009444
009446
009449
009450
009451
009452
009453
009454
009455
009456
009459
009461
009462
009463
009465
009467
009468
009469
009472
009473
009474
009475
009476
009477
009480
009481
009483
009485
009486
009487
009488
009489
009490
009492
009493
009494
009496
009497
009498
009499
009500
009502
009503
009504
009505
009506
009507
009508
009510
009511
009512
009515
009516
009519
009521
009523
009524
009525
009526
009527
009528
009529
009532
009533
009535
009536
009537
009539
009541
009542
009543
009544
009545
009546
009547
009548
009549
009550
009551
009552
009553
009554
009556
009557
009559
009560
009561
009562
009563
009564
009565
009566
009567
009568
009569
009570
009574
009576
009577
009578
009580
009581
009582
009583
009585
009586
009587
009588
009589
009591
009593
009594
009595
009596
009597
009599
009600
009601
009602
009603
009606
009607
009608
009610
009611
009612
009613
009614
009615
009616
009618
009619
009620
009621
009622
009623
009627
009628
009629
009632
009633
009634
009635
009637
009638
009639
009640
009641
009642
009643
009644
009646
009647
009648
009649
009650
009651
009652
009653
009654
009657
009658
009659
009660
009661
009664
009665
009666
009667
009668
009669
009671
009672
009673
009674
009676
009677
009678
009679
009680
009681
009682
009683
009684
009686
009687
009689
009690
009692
009693
009694
009697
009698
009699
009701
009702
009703
009704
009705
009706
009707
009708
009712
009718
009719
009720
009721
009722
009723
009724
009725
009726
009727
009728
009730
009733
009734
009735
009738
009740
009741
009743
009744
009745
009747
009748
009749
009750
009751
009752
009753
009754
009756
009757
009758
009759
009760
009761
009762
009764
009766
009767
009768
009769
009770
009771
009772
009774
009775
009776
009777
009779
009780
009781
009782
009784
009785
009786
009787
009788
009789
009790
009792
009793
009794
009797
009798
009800
009801
009802
009803
009804
009805
009806
009809
009810
009814
009815
009816
009817
009818
009819
009820
009822
009823
009824
009825
009826
009827
009828
009829
009830
009831
009832
009833
009834
009835
009836
009837
009838
009839
009840
009841
009843
009844
009847
009848
009851
009852
009853
009856
009860
009861
009862
009863
009865
009866
009867
009868
009869
009870
009871
009872
009873
009874
009875
009876
009877
009879
009881
009884
009885
009886
009887
009889
009890
009891
009893
009894
009895
009896
009897
009898
009900
009901
009902
009903
009904
009905
009906
009907
009908
009909
009910
009912
009913
009914
009915
009916
009917
009918
009919
009920
009921
009922
009923
009924
009925
009926
009927
009928
009929
009930
009931
009932
009933
009934
009935
009937
009938
009939
009940
009941
009943
009944
009946
009947
009949
009950
009952
009953
009954
009955
009956
009957
009958
009959
009960
009962
009963